-----BEGIN CERTIFICATE-----
Version: 1
Serie: 1236
Sujet: yvan
Cle_publique: [7223161893818831234251983210855193480096655790208242117124778736031397288276416112346458295689089170681309798444905294813758796625854645732504887068364514180897423745564747972903563340211770788050479806751121080342319654207719969509657756004208141176432240029423445534726963761502595465533557191510474085322374705912940838206981627108158744872528959828159341039052934550795934028947874180075861013138624221511122035050565947069089824695978651983986885682880553185198356805456215264366965543550554056948846579704036876241828920831705301148867322141885870373643071229513055032631521583118463443242325007987378189767333, 18399422575353952174516375440436176634596461119092123563645537804200323048003288171069216053510167569547666477707767703127160322576897949180885723009457692235983271596345507474475306739960094032211965609524748043761273988686425811581738949806282876135176608421349686153009511096297336041301947714345949517609004287332173606845876320286883881495323948894206886630997995067890785684390572912490544119923007102571626757901000620783056841729318672135403716915755717015096089984930893151647785128791032026620372193033481795796431996980469733255813676731066955189994285078674788937309724173429447892819992437837134033659721]
Date_emission: 2025-01-11 00:34:54.123818
Date_expiration: 2026-01-11 00:34:54.123818
Emetteur: Coffre-Fort
Signature: 633509903298474860014591103903466729319733792891043455996363656202738283500030573695926406584215483687260081731719926346145511645315474415512347443499681959383322630710267334779113384544338286859151103189224717981833980792405877434838077886685510443564486686910362217868117548251152794547433717549706616153013433172156384207044735813761773864270702409016507412782617695573154368647267186839235865742793650397995180109308456945924832260340851563297045533531713883838282950536935592592778497191927201970658882780123280442714498420383922541853658146462472605870807212415541488832166209933393081820804785243662210872575
-----END CERTIFICATE-----