-----BEGIN CERTIFICATE-----
Version: 1
Serie: 3732
Sujet: san
Cle_publique: [11256144720418466324464461314277830256668745400087966905175903825224102586883533939146711376591331124993248335159514215109030120279029348870835593487997424055715544282160335405881223333356149080135578920765243458740610895209319188573209151544463764212407699013111112334670932739379835661699765454244676442904573907784739968118686117838060576248360929476484981429690252491278074928750433886570095247019928332731919725463088270001555964173487469935884878014879018144984340932804049810283533283805439193274673884861892747607403997250059092199478228487041227264833638374820944914661627194247534434544630929744597762023693, 21308997571982691347829889299052292705304390850016609935184618761851328173995751477332212108847370532366841108121082552895469503288093336001540351625319294973557275934201736862038959191815475841547380249627419653343244956326570091462144253065441152810309588671122242305389064968036148806872779263614933307385347077872308007179960833533728923576971090770907103792564986998926062098822350036705345093274907055087414776313402480511932551800544354169475849662644771001712307362206600948297325716169890917449427449322671029619193562551841032485498163355419327817497534474572302046271676184806330153991514944392038522990177]
Date_emission: 2025-01-11 09:50:24.986341
Date_expiration: 2026-01-11 09:50:24.986341
Emetteur: Coffre-Fort
Signature: 8162868946369711301182211856539676780137940664706656541600303632997451889353342661594830695709635462080064543477728324700031754298239319860334323634131529829671238182665907710457963344724348010556823102847137867749497271905446910065650187356208501432950389855358569448050093225814757190665100494719677947192116154462485469612934402627624421897847458316487183757338378283489700234765281473745191938455281532695043915588447724462125999651093330376236848322270168630279727787639657327784832260142479820984482983530543084948608216535525227574471591372144865665960282696213998666825104120154501193498657971290072645543522
-----END CERTIFICATE-----