-----BEGIN CERTIFICATE-----
Version: 1
Serie: 8150
Sujet: sun
Cle_publique: (1319693015544251890966443790372717525655026133637385767364377620180608184935413761573041492073572024454597792794605974521821806396496380734633442325415428287844207751413879538948776557342098216570786957143074300779447808637386340541836974103946817068931467162316879869107444873804602854084792689730738670498681565978912409625111716170498631263729424519293956524314330996465102214338337422734941054789947858709819974418610735885575743365756744064660773896275231046278832137019769216063649592976412783145416598494644791978437751032995324949899545322334031839056922287159359009005308096727925651216035900142041895226237, 26022597008840273943890299250940115745527888347996680858485664551565857825569374028962953699210172104394037914421071567008524759011531675280328354591345226446411604172130071805531964102579125012534306780250936526502385319588812004851476731266473634897355330474333042540724688236432634244940300901445734278309000398476311583040119643741098132379814144644994150444738106270031144787867574295891595286013982035378930284638666042878068380574615629030852475934795387366740648379998468296808013673342370020013183195087619727032964626741644898703925094726456729878029396717930249874850224073977545592526643017930498691314137)
Date_emission: 2025-01-11 16:37:57.148992
Date_expiration: 2026-01-11 16:37:57.148992
Emetteur: Coffre-Fort
Signature: 25382559127826623737265205761720275165163923814024269460044810013138695074439393277180930954187130676022968920824716710806429766035333449710844993509284670776516156159584363461786081169306752400439529492964016309515162665626012573930017728924602376003229056676833445246522948009524449061527896921835475318605578505373185044876643257103258826473154177761159472181239366452102804869849412517673272679362814564989896141518169187415769805336098888969263701857027534542091481190733015693640202356690043709506998390864600827072386133626984207727663587383395889701112903732345504845028736142895661250350323521229083132086890
-----END CERTIFICATE-----