-----BEGIN CERTIFICATE-----
Version: 1
Serie: 1257
Sujet: sun
Cle_publique: (20861173122008716216025209666504139810324355258576441915552841418154184566216783945702344336390115606509836484940872084337880243586468190141310017106918054292385905532150036093415209611346809535973973192991019575452398730335569663483346663786464342824864721665448240402832662692819146724834862385834337313785732649603276509925523661958850956807077245833417015356947924123793084594078898394012276062549543913478541183203163278400002261036348493333689193656446112645749153932391202284182521553845395471331200794565443911453985326201038841059157460155526779080159000484031338240354155098155505909733801092651904561224497, 21341140074315716634610703796403116317502023839828064840772481171284838853098690457857998068053001454781985806445056928636560780198327661187179837408952148526455225370089947180564576320577692362861674451734219586841028113424319390763509574363151483469362005903091380217969005802930697157476774052469614375025080644804612821614140550606961773530496911895049670672542083819630275006040432782295903753365215442388984430708798804609669201273530461869066427629254466007129260800426467599423990426077643860480523280654915066149529332616472115745444591824402527578799051890649614981831157513944091291954093990278232196005341)
Date_emission: 2025-01-12 16:00:01.628753
Date_expiration: 2026-01-12 16:00:01.628753
Emetteur: Coffre-Fort
Signature: 12106018864777401103749561644206976910805236647993851708190795108337397375717587285303885674690506651434758782750436577217762874134988491812519525492469845734698714986706992664232962539680390794897277374271994095177421794650514541349616285700926647527187795124338455983942967254212562892057871658752457225376282022769979957995120114573247049141303394003624136449392027237641962310184296492293978647463610904972637212994831732292433805849244938092960455632374860793839166691097727770964959700169910517905251299965655939423543822226156735775749333331555660700124896828627359007706162077098140060586366496651144216690036
-----END CERTIFICATE-----