-----BEGIN CERTIFICATE-----
Version: 1
Serie: 8523
Sujet: sun
Cle_publique: [5545515346507889437252369458623584417169071418560566152124517746976107032178192836774869942504994258067039713982294046952053035452007158926046454052962038082037777157430938495253390696043679200587959389374355489337604492176589230824681000825071015408374994538822267599368408127389172163093417034960679429848068506786988458407367489514946889031372153277749560271445684087487678275636163715130888576594286932638369533680795460299323652452931690782000444002687840317659710249867429018474380209915431692246762268053490730110416858097066890326939555511064967161967467974818709490526773533656183428625700912410544674643809, 16908789926830871505585716923198030622222874249272194067024314889182743376396696555515532591240184967111573691341708045909537639539857315850428962580378007175859632803996866636201019211876490661119918332737501829083913843698686622785045855886062469746833753642783945691890286581969359141003755049007929120197321977400561629291940319139818657452601254080460068415897757799394556677682137638124121452765938502656840923208041973085741343490560281692461262608009427207543022956166228951782862991473313300322036575980023160964106613433977207542676690077901268737874444270984527332493519673757314014385602174770416728454893]
Date_emission: 2025-01-11 02:19:14.968439
Date_expiration: 2026-01-11 02:19:14.968439
Emetteur: Coffre-Fort
Signature: 15378238433509909778753447914936074548783524367392532698263776829599636521191581346756022485152536228772583989106764021684356952914654722365796209947595521734285671688910916403636019610095253015683141714877677770852692543634859314238571020412856812264158715200639048152021447775114069088224828977136620698539943311661239987186474919609772500456361460773646273366954552168471812627768496894492661514424026518298759341513708088282924615987312027811797538001222462019649556022176398417556143315544970673276932763132215978642179446525274644084361657598275339661123510980077012861452405746855566771358825146189736971537094
-----END CERTIFICATE-----