-----BEGIN CERTIFICATE-----
Version: 1
Serie: 3892
Sujet: sun
Cle_publique: [6683383663840469803245133784124909970176605407168395950666669849100455325956107605546694856777893546575382561250684045543756559022269652730868586538653773386197518343201796419141697383144479211265622458074566009173050114616505057072858406865164200504425291691313284211213513567645820511099408005491160055841874518588063986567438165669940399872880001727840228196323486242160449740614911438350791121386529581212122429988025425689166387826136434352851808506747842143767429758456671613071861061149529383661503921984270672436331153871165649002122618475886471528764749602453145565562843572146656555937947087182761947520937, 28178894372477114019892820451035127936092719034567799047055857264590591915524794345201376124541950276193591123232812615032963627966463439420690205953216473306554913067228569558435293324119775667258294039402666986498317591113253706168102501022616806175906970405254787727546611346835933499126998219585441704795454830843794022315635245989399011524395621119251109458618806120137494972254059672565601512050914621689805460819343835847057582906741438247452484670795511771205517547697988811224422803755003506216259855810139722577164079471072081312211530461140820497409603433277893757444008657875420704022990312392789354774683]
Date_emission: 2025-01-10 16:59:35.868264
Date_expiration: 2026-01-10 16:59:35.868264
Emetteur: Coffre-Fort
Signature: 29233348245904125792696011343817372114558119144803793849108769825842236255156080232937017182832413253347419096701258855234849371873159533319321382566229774952600006950733044611596454131567408310178379499880359065561322069932032818118806063543308176886215632304965366436786726751144615170625102239143979099141947780002598568290727932193253292373613066889522952344556051189759856947150104879668069255409700794784719064667598519155182262073417969395551121606657176777195836840175351243265763022834608720155932892405097267117322945581439098742213749801599311829552058802466390485491368893023825047983333543838164703002430
-----END CERTIFICATE-----