-----BEGIN CERTIFICATE-----
Version: 1
Serie: 3027
Sujet: vava
Cle_publique: (9060972247502054218607216657206227897813244192928552760935234853915096410853384281231685861186486934577344591601833289439219202311991931271734978051300157398251862551170201879761384366972565018347723914976876824265965835002160144267436225013900833220191115258298240843925981747360187978053581297288798858986971199738117469261067591308525819075424421746842198769977216188776577899929785179158156171537641335303780737809295703767184475754433459309586138796971579515634069312506840575354562218441277474966252709492602152804263045494403300805028749276405322532012259104532497657908162179573468773917338555511857704423691, 18638019321992204889337504353515523687894082371997540205731264824588463802156581677843044264754430077631659983806615575580506991524368733966216985598066710359896723824002352370061790833492889202695029250026458103998134252706760083491478405612806302751133910657219344848244997767045335277304833579761002714612789853582250600983796321499210815628351085181162137514648383563997758144181324865271356094898096875633897471285241270981861170403189760341790983941030678786138404578494894108693685089744910518761366160139556076763267197299724641975255044173977720837254227984627692895790271253567251780594912297502072107810579)
Date_emission: 2025-01-12 15:58:44.030248
Date_expiration: 2026-01-12 15:58:44.030248
Emetteur: Coffre-Fort
Signature: 2944057623195978977930960045427456558778111062325104219871349350783303828092283391074331688757719860967777347369026125747465883237811186572997155643236337501836004062561003412392399997083380689472800264380304492891072183366592178676213841521827639635664325721603872687734982906929849361279093563329771856874701873331389098878046198050920892974737052049786477977227438831698355835582846594313219149439370736458700175250896568017028509317580734278494553187920168399663133724166668606630768304940534276621874207083380475504845254572062167958152474346987433971290660832390224025123094956467187574972519945286128201212252
-----END CERTIFICATE-----