-----BEGIN CERTIFICATE-----
Version: 1
Serie: 8058
Sujet: clara
Cle_publique: (14793232822215060890380350907383133409985810971305325810393359953073803104553276220886154148786465464036750900121829245300751887818964081314995018948980370179608362698761994136604703386933518036850229205261465615255319591598473305179972215873948749234665409366307925782990056517678139201333860873914738928542539796372118739712200062853234803508669119790430296500970221554942486953593452387151220953187821571641616153173808314403163332456784795226135259266202652964740217455338802743265303146924943196382089420534661414056894306518455698042303655469983964278025696860684735558106698543044996725593747330977219233622233, 16706011811970351110579929422120756591488952100176205336370044284544091690604161585569004977158213630013926823023744068391434823254437179932978452448884705749442112550947698512347950076511109968698973781916453457682706939166511271358390355400739971285064713815820925756828851527425608489894274673573204030149214226606299134566753733858841257030388548730320741509434912307175083844862095194557987003574585996322325934277548626708514441167267179122089843241836106714223339107744840586776969425718077142113206457542354047732168249045565777886471595443248733232723721943368696498135962758430710191445258181287690915120351)
Date_emission: 2025-01-12 16:10:58.587691
Date_expiration: 2026-01-12 16:10:58.587691
Emetteur: Coffre-Fort
Signature: 4002543137136534759811782815985443215417032543079573405650161681090782770069616523686457728268013805759943266321414397831880736452955445902739140216670803019172831202862575223837592067101543411272401045829621017712516997482761755080164750711539208911624879250960968572899263084568575122775761049318346275785991321202765993855416112204953022126123648710372315420777973353411391292818834650098525475024945203835674596169279443489844516174554976206192069365732334973024959808746848047626795485151501005940064064865132504011459481574435855029533271440037598108441669699102238721913494049302678300062442810635189980458832
-----END CERTIFICATE-----