-----BEGIN CERTIFICATE-----
Version: 1
Serie: 1524
Sujet: alberic
Cle_publique: (8322774966592638746387077843240884880658439495212586322699413348776973938739983472870359906818607840724786263613337609764753921856764261840893461821421823624036905739213921878190398571387681263928454486301862966642799903833705934016720667231092859050524238135652700932799311093926338993515456895601121715786291256073630684525506090316129633416746953139121384712635855314343390245021482609677443710884755383707224506882900641464586007963384851463242481577145742000432532439966504084209739067536993369001098459151112624987717975545960207726512762078634922472828043388029941846799996970947018081078772330858726597386239, 27532704725107762484043287590413379930420176372631418044319376032144481308249984504016411677702829269883730440998908738057818923102464982477288337248243885927193485205984394673045349793092662241941610203305925006246808615060509889649761284463666144044380973021230134687325214976755481283878163212571913105364912123087040019738288633689038890853047255356757980254666174504788202083828666647427935136732611109682031408989543269725997572037349745455631649780092070873128130766546791833796627755812317931338686007054117966836135490568632040863707824574697800335519642931698993120097856902249546284231969157111224159123881)
Date_emission: 2025-01-11 17:49:57.459566
Date_expiration: 2026-01-11 17:49:57.459566
Emetteur: Coffre-Fort
Signature: 12684373073644220538536318821687602248965061525193182405072399091634650014603290401473411666269178490696010838341336913917605449362132885423670470447240008610176194511485582680327262444538218011233609202002567486653893071277477677104408438342588119153802032765924009110017923988475836461490524554079716305731599709448111011614456818883365328008435272676503337948577231942440587374211271428888165680362695968666253568658497475907053882694459459212302676714719288357652024416234078876321217980768436194641464793616632338020115194701282193484772961503777663332612025922295835881744498696523373958500602795153615818242090
-----END CERTIFICATE-----