-----BEGIN CERTIFICATE-----
Version: 1
Serie: 9679
Sujet: coffre_fort
Cle_publique: [5808573689172356450733366661284595805725956480325930736307765672435643808103998049480543107957609645780580375674575350060576521317287143205747837339591179192771374744283814766750973591038293624344101103899389918584845804837863696671175547249819883094759446008271183377744392085248577197542695879515501560521726912864184316481076242599281877958824059101931958384034995754647726528965474558759596067436416181243501019802326931250353163714082588522073739525037285409130952703356124669742464670482209218255013679662848364117315159845374891704852379256303829603143664432916174031513350373314167674352536225094340066472149, 18884694789558333713500318863916685625450282654389449757583601040845515543459947224919930599332770479268576400335940400900499788964724182134296050933120021830864686751609118326254779543528279010707435541064901983417686214939625777377611750647597000133063039721772376064982602920354153763418344354492990707898348417773928708300474743326829218851959773754979079221563957336337760159837619689123439679220654537618575971300224508662871709967784712545455686987609327829622790339469928848835686582846899592472050804002347188147015160388611787494773243862320566615367414933897977813911550608066156143913204406242898910667233]
Date_emission: 2025-01-12 16:49:52.542908
Date_expiration: 2026-01-12 16:49:52.542908
Emetteur: Coffre-Fort
Signature: 2771633507312199374378727211666212077822884048119913390160333186417324201662409432734009428831017915242675053392936818736019163659479500733055527884785063485480486572318259710487575813290232863535358025358930184497507591222607257254643093870544414500442610988915217834139723763646978664873457692112437596719053170171487749472003918359127686821760888139173243137142335606633670966874392105921761156877000672012802435618724736991393959477146515431720607244841634565831011861782834779088075950282192739330274627254174238397116764779704296256219778192266711824416994696739855216274990740622684188323717128319113193929659
-----END CERTIFICATE-----