-----BEGIN CERTIFICATE-----
Version: 1
Serie: 3490
Sujet: coffre_fort
Cle_publique: [10104747957343224067392594793127590516604230127622892213110475758942003403064357996748869281243470359003236032296194115823918727269164839687104390455371579050906175240113014612227533158462108556198229981350291118855410190306039042219340134290422333032964359141281463588359795953866350181881278576438398057545925723787626375110031347620205713593793148117669676515808160442347321880234492213298730615262384887307997212708849317589036122089681139813435513591544939678152658272244855142973015247498262062832837541689294966300416539507944517371219353121732341616748553566510193957028828117885919255196110405346523289095015, 15327144862654827932872361301973263429501594471871178636832267538074640885368725020123977193538145840599185487729228248806900944522563797768529486776646127107808428467933304808161032706529237613448017966990600505965203751780150131976992712826552843184755910017604168669068127918022102245337869701624735594744241427407111175676395052671238658252206264307096726831504053793436257801766667007310521135114730640920687293046215086178570487129163053816678008501548841255342009323216133627841581574306229884898624968904658705317542447753624829768466308459980462846841360501321666699237363456687837193655456802579114512969233]
Date_emission: 2025-01-12 05:07:05.205828
Date_expiration: 2026-01-12 05:07:05.205828
Emetteur: Coffre-Fort
Signature: 16216293352482189090767303686436876173008890113815367204856052584105711070070111369449687719006537317115263289829906562052154038420735963450358313872733470892666171299451742686634479944564041017203898119540762334634363266734601444100479465989189768294698627543073638150626844414214806148148908951084016227917485132594066240513612312850067408798400694597552666626301678183246871813001789184985542657871052189805620059538888765730685629674494198757177861882984791139458259557112359187593262325598060443117600378960879723558156952542675794463879318766383920187118787024536810361664634782138491964553947308697815700431507
-----END CERTIFICATE-----