-----BEGIN CERTIFICATE-----
Version: 1
Serie: 4405
Sujet: coffre_fort
Cle_publique: [27610481620463650914837591226751549473362839667453246142149709967971045524313365227090862503278595479229032424383633835227575818005236786390525010700836375489040370468448314993489900645143638995669540459776579388549759053506994124598202783249515064180631232308667111795327383197226600145245029807263822612458973466571488212078683846493256121886351186870103218093668892218679103828339795392294023077140648586143267075946401095406306122044893137860934659545577620027111343228688021888550681780930777947789825886661526013804948159616693174322198219764298940745661945493122047214014945960254970998651150087521627084847, 9126170467439292951261823208985378627562605652943663399253322518474410158521866156294516547023696469292718383768987074591485900914759603204716712324137236369291938494967703777284368756631138018281837950226133547188297720085195331310762577359023293756657013194605025163000075406360744664853243326044780233468604140862049577606977349995486881226973082899039171565972973438341261765151266880082315489170084631649087858066831995141667048000396263071674371213271338950010522470250648705167972053003380123040447235435454532083288935896087196138420389467220288894215567641857961556617744567832253806492117251652652286695991]
Date_emission: 2025-01-11 12:43:20.851524
Date_expiration: 2026-01-11 12:43:20.851524
Emetteur: Coffre-Fort
Signature: 19062610795862624592651454201494145633440974484076164986215449778486477998183283648043379151027417843792202077822550700487792931511970224631056354255125554391010380889770372968199043054335032714485859788260106643223323694262179766429965740474352956193307258892246063895495209685713677875626374271752352950759493311854918666570837582312703715236065076479420152651251844941716331324069194386911449386753898686005140385381735067370861766668954025201126683582789851255835005989946829630622526125949965183922977769061475946306406807640467601260402279810295959587819345513778007296960289316320127384164706457560260734243227
-----END CERTIFICATE-----